100 3.920121355032498e-6
101 3.959774781290653e-6
102 3.999737628938599e-6
103 4.039701277967952e-6
104 4.079018638760833e-6
105 4.118625803305516e-6
106 4.15852840117463e-6
107 4.19873214106265e-6
108 4.239242813801762e-6
109 4.280066295424029e-6
110 4.32035645097856e-6
111 4.359650999365873e-6
112 4.399215060616088e-6
113 4.4390535316599374e-6
114 4.4791713731160855e-6
115 4.519573611577683e-6
116 4.560265341930721e-6
117 4.600178380771776e-6
118 4.6394729793242964e-6
119 4.679020094256999e-6
120 4.718824036844071e-6
121 4.758889170696816e-6
122 4.799219913537378e-6
123 4.839820738995129e-6
124 4.88009889826507e-6
125 4.920381890844589e-6
126 4.960926717910862e-6
127 5.001737660599293e-6
128 5.0428190545090915e-6
129 5.084175291380487e-6
130 5.1258108207974205e-6
131 5.164567455205159e-6
132 5.202973043694455e-6
133 5.24158223743694e-6
134 5.2803981059213005e-6
135 5.319423747661627e-6
136 5.358662291140398e-6
137 5.3981168957586756e-6
138 5.436802691269175e-6
139 5.475689338931774e-6
140 5.514779740983662e-6
141 5.55407682697527e-6
142 5.593583554600374e-6
143 5.633302910533049e-6
144 5.672997188898584e-6
145 5.711526849487128e-6
146 5.750244486627977e-6
147 5.789152680633428e-6
148 5.8282540343965856e-6
149 5.867551174053022e-6
150 5.907046749647243e-6
151 5.946226891635971e-6
152 5.9843835748483735e-6
153 6.0227125686473125e-6
154 6.061216121680671e-6
155 6.0998965003608465e-6
156 6.1387559893777105e-6
157 6.177796892214525e-6
158 6.21646962705099e-6
159 6.2546373063082554e-6
160 6.292970293851249e-6
161 6.331470652197723e-6
162 6.3701404595204515e-6
163 6.4089818100781395e-6
164 6.447996814648765e-6
165 6.486403603430764e-6
166 6.524447018479452e-6
167 6.562646962279222e-6
168 6.601005303707081e-6
169 6.639523925010971e-6
170 6.678204722165863e-6
171 6.717049605231638e-6
172 6.754528688509609e-6
173 6.791634935367287e-6
174 6.828876201386461e-6
175 6.866254024190671e-6
176 6.9037699503570705e-6
177 6.9414255356723546e-6
178 6.979222345389189e-6
179 7.016501450092214e-6
180 7.053840454119898e-6
181 7.09131362811822e-6
182 7.1289224413687186e-6
183 7.1666683718441616e-6
184 7.204552906437942e-6
185 7.242500636896932e-6
186 7.279116479335233e-6
187 7.315851815609078e-6
188 7.352707911033369e-6
189 7.389686037236926e-6
190 7.426787472341336e-6
191 7.464013501139863e-6
192 7.501041523871998e-6
193 7.536887229893555e-6
194 7.572838028557738e-6
195 7.60889499593998e-6
196 7.645059212468508e-6
197 7.681331763061604e-6
198 7.717713737264614e-6
199 7.753908788220184e-6
200 7.789655244522528e-6
201 7.825502749379087e-6
202 7.86145230112766e-6
203 7.897504901990196e-6
204 7.933661558191392e-6
205 7.969923280077035e-6
206 8.005869252892047e-6
207 8.041492030680945e-6
208 8.077211556990312e-6
209 8.113028753600295e-6
210 8.148944545689087e-6
211 8.184959861934759e-6
212 8.221075634616854e-6
213 8.256687463897295e-6
214 8.292065951697335e-6
215 8.32753583807791e-6
216 8.363097966486822e-6
217 8.39875318324087e-6
218 8.434502337612575e-6
219 8.470346281916661e-6
220 8.504730285351504e-6
221 8.538801032067842e-6
222 8.57294578813809e-6
223 8.607165230282553e-6
224 8.641460036591085e-6
225 8.675830886586565e-6
226 8.710278461288063e-6
227 8.745764610812396e-6
228 8.781390919875566e-6
229 8.817107872488805e-6
230 8.85291625035925e-6
231 8.888816838024499e-6
232 8.924810422924581e-6
233 8.960688120068578e-6
234 8.99476020763145e-6
235 9.028903703512453e-6
236 9.063119221252497e-6
237 9.09740737566928e-6
238 9.131768782908749e-6
239 9.166204060496355e-6
240 9.20044160564429e-6
241 9.233930373773656e-6
242 9.267483258817745e-6
243 9.30110080321618e-6
244 9.334783550240674e-6
245 9.368532044037757e-6
246 9.402346829671239e-6
247 9.435776907668078e-6
248 9.468589086194389e-6
249 9.501457758632917e-6
250 9.534383399948236e-6
251 9.56736648553753e-6
252 9.60040749126602e-6
253 9.633506893502064e-6
254 9.666665169151998e-6
255 9.699882795694744e-6
256 9.733160251216178e-6
257 9.76649801444326e-6
258 9.799896564777949e-6
259 9.833356382330873e-6
260 9.866877947954854e-6
261 9.899615730738719e-6
262 9.93204389428804e-6
263 9.964523714684902e-6
264 9.99705560595477e-6
265 1.0029639982413059e-5
266 1.0062277258692836e-5
267 1.0094967849772262e-5
268 1.0127712171001907e-5
269 1.01605106381318e-5
270 1.0193363667338318e-5
271 1.0226271675250901e-5
272 1.0259235078978576e-5
273 1.0292254296136288e-5
274 1.0325329744871133e-5
275 1.0356544212408455e-5
276 1.0387798867105794e-5
277 1.0419094036465018e-5
278 1.0450430047871156e-5
279 1.0481807228612757e-5
280 1.0513225905902052e-5
281 1.0544686406894942e-5
282 1.0576189058710775e-5
283 1.0607734188451952e-5
284 1.063932212322338e-5
285 1.0670953190151717e-5
286 1.0702627716404495e-5
287 1.0734346029209029e-5
288 1.0765904446691162e-5
289 1.0797027663021857e-5
290 1.08281900562557e-5
291 1.0859391926326236e-5
292 1.0890633573109386e-5
293 1.092191529644026e-5
294 1.0953237396129806e-5
295 1.0984600171981309e-5
296 1.1016003923806788e-5
297 1.1047448951443194e-5
298 1.1078935554768563e-5
299 1.1110464033717942e-5
300 1.1142034688299255e-5
301 1.1173647818609023e-5
302 1.1204440727320844e-5
303 1.1234692497978055e-5
304 1.1264976497853797e-5
305 1.129529297621128e-5
306 1.1325642182112342e-5
307 1.1356024364430474e-5
308 1.1386439771863762e-5
309 1.1416888652947653e-5
310 1.1447371256067615e-5
311 1.1477887829471718e-5
312 1.1508438621283053e-5
313 1.153902387951206e-5
314 1.1569643852068739e-5
315 1.1600298786774762e-5
316 1.1630307334930773e-5
317 1.1660270396028053e-5
318 1.1690263654009007e-5
319 1.1720287333215556e-5
320 1.1750341657804374e-5
321 1.1780426851757698e-5
322 1.181054313889395e-5
323 1.1840690742878282e-5
324 1.1870869887233065e-5
325 1.190108079534825e-5
326 1.19313236904916e-5
327 1.1961598795818933e-5
328 1.1991906334384175e-5
329 1.202208795673966e-5
330 1.2051664883339788e-5
331 1.2081269420546489e-5
332 1.2110901769238467e-5
333 1.2140562130101757e-5
334 1.2170250703638661e-5
335 1.2199967690176664e-5
336 1.2229713289877215e-5
337 1.2259487702744465e-5
338 1.2289291128633921e-5
339 1.231912376726099e-5
340 1.2348985818209494e-5
341 1.2378877480940076e-5
342 1.2408798954798594e-5
343 1.2437901309577338e-5
344 1.2466176607371872e-5
345 1.2494471432569358e-5
346 1.252278594582221e-5
347 1.2551120307477526e-5
348 1.257947467758412e-5
349 1.260784921589955e-5
350 1.2636244081897013e-5
351 1.2664659434772227e-5
352 1.2693095433450212e-5
353 1.2721552236591978e-5
354 1.2750030002601237e-5
355 1.2778528889630927e-5
356 1.280704905558975e-5
357 1.283559065814866e-5
358 1.2864153854747206e-5
359 1.2892738802599908e-5
360 1.2921345658702508e-5
361 1.2949974579838173e-5
362 1.2978625722583685e-5
363 1.3007299243315505e-5
364 1.3035995298215828e-5
365 1.3064714043278564e-5
366 1.3093455634315282e-5
367 1.3122220226961071e-5
368 1.3151007976680384e-5
369 1.3179819038772788e-5
370 1.3208563371211462e-5
371 1.3236516636505402e-5
372 1.3264488367096522e-5
373 1.3292478700769378e-5
374 1.3320487775078466e-5
375 1.334851572735339e-5
376 1.3376562694704034e-5
377 1.3404628814025597e-5
378 1.3432714222003657e-5
379 1.3460819055119136e-5
380 1.3488943449653247e-5
381 1.351708754169239e-5
382 1.3545251467132995e-5
383 1.3573435361686338e-5
384 1.3601263899843429e-5
385 1.3628545850190242e-5
386 1.3655842969083457e-5
387 1.3683155376480417e-5
388 1.3710483192097703e-5
389 1.3737826535415439e-5
390 1.3765185525681633e-5
391 1.3792560281916388e-5
392 1.3819950922916147e-5
393 1.3847357567257851e-5
394 1.3874780333303077e-5
395 1.3902219339202144e-5
396 1.3929674702898162e-5
397 1.395714654213106e-5
398 1.3983952858920178e-5
399 1.4010479251191373e-5
400 1.4037017400802763e-5
401 1.4063567411609603e-5
402 1.4090129387217922e-5
403 1.41167034309882e-5
404 1.4143289646038994e-5
405 1.4169888135250521e-5
406 1.4196499001268233e-5
407 1.4223122346506318e-5
408 1.4249758273151212e-5
409 1.4276406883165037e-5
410 1.4303068278289046e-5
411 1.4329742560046991e-5
412 1.435639849924626e-5
413 1.4383067411771787e-5
414 1.440974939843308e-5
415 1.4436444559834527e-5
416 1.4463152996378633e-5
417 1.4489874808269249e-5
418 1.4516610095514735e-5
419 1.4543358957931094e-5
420 1.457012149514512e-5
421 1.4596897806597488e-5
422 1.4623687991545819e-5
423 1.46504921490677e-5
424 1.467731037806372e-5
425 1.470383011386129e-5
426 1.4729631326673801e-5
427 1.4755441907292452e-5
428 1.478126194233739e-5
429 1.4807091518212158e-5
430 1.4832930721106516e-5
431 1.4858779636999119e-5
432 1.488463835166026e-5
433 1.4910506950654542e-5
434 1.4936385519343536e-5
435 1.4962274142888412e-5
436 1.4988172906252568e-5
437 1.5014081894204189e-5
438 1.504000119131883e-5
439 1.5065930881981946e-5
440 1.5091871050391397e-5
441 1.5117821780559977e-5
442 1.5143783156317846e-5
443 1.5169755261315004e-5
444 1.51957381790237e-5
445 1.522173199274085e-5
446 1.5247736785590434e-5
447 1.5273752640525815e-5
448 1.5299779640332135e-5
449 1.5325817867628616e-5
450 1.5351867404870847e-5
451 1.5377928334353073e-5
452 1.5404000738210484e-5
453 1.542908458490528e-5
454 1.545406430858589e-5
455 1.5479050860976436e-5
456 1.5504044313630784e-5
457 1.5529044737911123e-5
458 1.555405220499006e-5
459 1.5579066785852725e-5
460 1.5604088551298803e-5
461 1.5629117571944567e-5
462 1.565415391822491e-5
463 1.567919766039534e-5
464 1.5704248868533956e-5
465 1.572930761254343e-5
466 1.5754396803715593e-5
467 1.5779585325106058e-5
468 1.580478207306143e-5
469 1.5829987117717665e-5
470 1.5855200529048732e-5
471 1.5880422376868504e-5
472 1.590565273083259e-5
473 1.593089166044019e-5
474 1.5956139235035893e-5
475 1.5981395523811502e-5
476 1.6006660595807814e-5
477 1.60319345199164e-5
478 1.6057217364881335e-5
479 1.6082509199301003e-5
480 1.6107574860074202e-5
481 1.613241296071161e-5
482 1.6157258312959786e-5
483 1.6182110981182027e-5
484 1.6206971029589287e-5
485 1.623183852224181e-5
486 1.6256713523050734e-5
487 1.6281596095779737e-5
488 1.6306486304046622e-5
489 1.6331384211324902e-5
490 1.6356289880945396e-5
491 1.638120337609777e-5
492 1.6406124759832085e-5
493 1.6431054095060346e-5
494 1.6455507511706252e-5
495 1.6479845874179514e-5
496 1.6504189985660606e-5
497 1.652853990434357e-5
498 1.6552895688275075e-5
499 1.6577257395355885e-5
500 1.6601625083342254e-5
501 1.6625998809847382e-5
502 1.665037863234283e-5
503 1.667476460815989e-5
504 1.6699156794490993e-5
505 1.672355524839109e-5
506 1.6747960026779008e-5
507 1.6772333973244562e-5
508 1.6796378663995284e-5
509 1.682042843870285e-5
510 1.6844483351469516e-5
511 1.686854345625906e-5
512 1.6892608806898124e-5
513 1.6916679457077443e-5
514 1.6940755460353177e-5
515 1.6964836870148133e-5
516 1.6988923739753042e-5
517 1.701301612232779e-5
518 1.703711407090264e-5
519 1.7061217638379478e-5
520 1.7085326877533023e-5
521 1.710928906483873e-5
522 1.7133026887670015e-5
523 1.7156769142235863e-5
524 1.7180515878670157e-5
525 1.7204267146977262e-5
526 1.722802299703321e-5
527 1.7251783478586836e-5
528 1.727554864126089e-5
529 1.7299318534553204e-5
530 1.7323093207837756e-5
531 1.7346872710365823e-5
532 1.7370657091267043e-5
533 1.7394446399550537e-5
534 1.7418240684105958e-5
535 1.7441948609190586e-5
536 1.7465622048767994e-5
537 1.7489300145945605e-5
538 1.7512982948454887e-5
539 1.7536670503910535e-5
540 1.7560362859811518e-5
541 1.758406006354208e-5
542 1.7607762162372784e-5
543 1.7631469203461502e-5
544 1.765518123385439e-5
545 1.7678898300486933e-5
546 1.770262045018486e-5
547 1.772634772966518e-5
548 1.7750080185537126e-5
549 1.777320520671971e-5
550 1.7796333455077014e-5
551 1.7819464974258627e-5
552 1.7842599807799836e-5
553 1.7865737999122526e-5
554 1.7888879591536145e-5
555 1.79120246282386e-5
556 1.7935173152317185e-5
557 1.7958325206749445e-5
558 1.7981480834404105e-5
559 1.800464007804195e-5
560 1.8027802980316718e-5
561 1.8050969583775943e-5
562 1.807405788544718e-5
563 1.8096957945912933e-5
564 1.811986092925844e-5
565 1.8142766876431064e-5
566 1.8165675828271997e-5
567 1.8188587825517055e-5
568 1.8211502908797487e-5
569 1.8234421118640842e-5
570 1.8257342495471764e-5
571 1.82802670796128e-5
572 1.8303194911285212e-5
573 1.8326126030609784e-5
574 1.834906047760759e-5
575 1.8371998292200804e-5
576 1.8394771641179434e-5
577 1.84174358032965e-5
578 1.84401025529018e-5
579 1.8462771928402845e-5
580 1.8485443968108066e-5
581 1.8508118710227584e-5
582 1.8530796192873937e-5
583 1.855347645406284e-5
584 1.85761595317139e-5
585 1.8598845463651373e-5
586 1.8621534287604868e-5
587 1.8644226041210075e-5
588 1.8666920762009488e-5
589 1.86896184874531e-5
590 1.871219053455711e-5
591 1.873475093327063e-5
592 1.875731400011513e-5
593 1.8779879771631594e-5
594 1.8802448284270118e-5
595 1.8825019574390523e-5
596 1.8847593678263062e-5
597 1.8870170632069117e-5
598 1.88927504719018e-5
599 1.8915333233766665e-5
600 1.8937918953582336e-5
