300 1.4942589143537014e-5
301 1.498848417407206e-5
302 1.5034466379754584e-5
303 1.5080536330502082e-5
304 1.512669459773095e-5
305 1.5170441166564921e-5
306 1.5214255718028057e-5
307 1.5258138703732795e-5
308 1.530209057591024e-5
309 1.5346111787432482e-5
310 1.5390202791834737e-5
311 1.543436404333752e-5
312 1.5478595996868584e-5
313 1.5522899108084864e-5
314 1.556792246980402e-5
315 1.5613674700483628e-5
316 1.5659510393634644e-5
317 1.570543007029614e-5
318 1.5751434252832466e-5
319 1.5797523464958416e-5
320 1.5843698231764203e-5
321 1.5889959079740515e-5
322 1.593630653680354e-5
323 1.5982741132319934e-5
324 1.6026556208583056e-5
325 1.6070437315098888e-5
326 1.6114384861847522e-5
327 1.6158399259408446e-5
328 1.620248091897854e-5
329 1.624663025239005e-5
330 1.6290847672128357e-5
331 1.6335133591349804e-5
332 1.637948842389942e-5
333 1.642321169615442e-5
334 1.646629578515419e-5
335 1.650943927087877e-5
336 1.6552642516010896e-5
337 1.659590588362539e-5
338 1.6639229737204064e-5
339 1.668261444065059e-5
340 1.6726060358305263e-5
341 1.6769567854959752e-5
342 1.681313729587171e-5
343 1.685531430942907e-5
344 1.6897543433576853e-5
345 1.6939824985808988e-5
346 1.6982159283811578e-5
347 1.7024546645475364e-5
348 1.706698738890808e-5
349 1.710948183244665e-5
350 1.7152030294669477e-5
351 1.7194633094408537e-5
352 1.723729055076144e-5
353 1.7280002983103494e-5
354 1.732277071109964e-5
355 1.7365594054716318e-5
356 1.740847333423334e-5
357 1.745140887025567e-5
358 1.749440098372515e-5
359 1.7537449995932168e-5
360 1.758055622852731e-5
361 1.7623720003532917e-5
362 1.7665386523276884e-5
363 1.770710058943764e-5
364 1.7748862478770186e-5
365 1.779067246815244e-5
366 1.7832530834594954e-5
367 1.7874437855250628e-5
368 1.7916393807424305e-5
369 1.7958398968582347e-5
370 1.8000453616362172e-5
371 1.8042558028581725e-5
372 1.8084712483248874e-5
373 1.81269172585708e-5
374 1.816917263296334e-5
375 1.8211478885060254e-5
376 1.8253836293722423e-5
377 1.8296245138047118e-5
378 1.8338705697377087e-5
379 1.8381218251309707e-5
380 1.8423783079706012e-5
381 1.846393627013865e-5
382 1.850412665753998e-5
383 1.85443544610193e-5
384 1.8584619899624044e-5
385 1.8624923192346913e-5
386 1.8665264558132934e-5
387 1.870564421588653e-5
388 1.8746062384478446e-5
389 1.8786519282752743e-5
390 1.882701512953364e-5
391 1.886755014363239e-5
392 1.890812454385403e-5
393 1.8948738549004213e-5
394 1.898939237789584e-5
395 1.9030086249355777e-5
396 1.907082038223149e-5
397 1.9111594995397584e-5
398 1.915241030776241e-5
399 1.9193266538274542e-5
400 1.923328747451095e-5
401 1.927334459414654e-5
402 1.9313438097847604e-5
403 1.935356818624563e-5
404 1.939373505994323e-5
405 1.9433938919519917e-5
406 1.947417996553804e-5
407 1.9514458398548476e-5
408 1.955477441909642e-5
409 1.9595128227727076e-5
410 1.9635520024991368e-5
411 1.9675950011451556e-5
412 1.9716418387686837e-5
413 1.9756925354298976e-5
414 1.9797471111917788e-5
415 1.9838055861206667e-5
416 1.9878679802868117e-5
417 1.9919343137649134e-5
418 1.9960046066346676e-5
419 1.9998937379205806e-5
420 2.003785838779231e-5
421 2.0076809258989663e-5
422 2.0115790159576844e-5
423 2.0154801256232933e-5
424 2.0193842715541722e-5
425 2.023291470399614e-5
426 2.0272017388002854e-5
427 2.0311150933886685e-5
428 2.0350315507895035e-5
429 2.0389511276202308e-5
430 2.0428738404914302e-5
431 2.0467997060072515e-5
432 2.050728740765849e-5
433 2.05466096135981e-5
434 2.058596384376583e-5
435 2.0625350263988942e-5
436 2.066476904005178e-5
437 2.0704220337699875e-5
438 2.0742730576959378e-5
439 2.0781268584356747e-5
440 2.081983451013335e-5
441 2.0858428504433548e-5
442 2.089705071730854e-5
443 2.093570129872009e-5
444 2.097438039854432e-5
445 2.1013088166575366e-5
446 2.1051824752529156e-5
447 2.1090590306047004e-5
448 2.11293849766993e-5
449 2.1168208913989123e-5
450 2.120706226735583e-5
451 2.1245945186178654e-5
452 2.1284857819780217e-5
453 2.1323800317430128e-5
454 2.1362772828348398e-5
455 2.140177550170903e-5
456 2.144080848664342e-5
457 2.1478850005799515e-5
458 2.15169170500768e-5
459 2.1555009753929922e-5
460 2.159312825171729e-5
461 2.1631272677704228e-5
462 2.166944316606608e-5
463 2.170763985089133e-5
464 2.1745862866184685e-5
465 2.17841123458701e-5
466 2.1822388423793887e-5
467 2.1860691233727687e-5
468 2.189902090937149e-5
469 2.193737758435658e-5
470 2.197576139224862e-5
471 2.2014172466550427e-5
472 2.2052610940705044e-5
473 2.2091076948098544e-5
474 2.212957062206303e-5
475 2.2168092095879397e-5
476 2.220445499002761e-5
477 2.2240835883518754e-5
478 2.227723488400837e-5
479 2.231365209900106e-5
480 2.2350087635852993e-5
481 2.238654160177439e-5
482 2.2423014103831986e-5
483 2.245950524895142e-5
484 2.2496015143919687e-5
485 2.2532543895387537e-5
486 2.2569091609871826e-5
487 2.2605658393757927e-5
488 2.2642244353302032e-5
489 2.2678849594633505e-5
490 2.2715474223757206e-5
491 2.2752118346555732e-5
492 2.2788782068791766e-5
493 2.28254654961103e-5
494 2.2862168734040902e-5
495 2.289889188799992e-5
496 2.2935635063292735e-5
497 2.297239836511592e-5
498 2.3009181898559477e-5
499 2.3045985768608974e-5
500 2.308281008014771e-5
501 2.3119654937958823e-5
502 2.315652044672749e-5
503 2.319340671104298e-5
504 2.323031383540076e-5
505 2.3267241924204644e-5
506 2.330419108176874e-5
507 2.3341161412319633e-5
508 2.3378153019998344e-5
509 2.3415166008862424e-5
510 2.345220048288791e-5
511 2.3489256545971405e-5
512 2.352633430193198e-5
513 2.3563433854513233e-5
514 2.359939271845383e-5
515 2.363536866421405e-5
516 2.3671361784041995e-5
517 2.3707372170073194e-5
518 2.3743399914332335e-5
519 2.3779445108735132e-5
520 2.3815507845090062e-5
521 2.3851588215100203e-5
522 2.3887686310364968e-5
523 2.392380222238182e-5
524 2.395993604254809e-5
525 2.3996087862162646e-5
526 2.4032257772427626e-5
527 2.406844586445019e-5
528 2.410465222924414e-5
529 2.414087695773163e-5
530 2.4177120140744913e-5
531 2.421338186902786e-5
532 2.4249662233237758e-5
533 2.428475258607489e-5
534 2.4319856935136592e-5
535 2.4354975360798852e-5
536 2.43901079433195e-5
537 2.4425254762839735e-5
538 2.4460415899385626e-5
539 2.449559143286968e-5
540 2.4530781443092215e-5
541 2.456598600974297e-5
542 2.460120521240248e-5
543 2.463643913054361e-5
544 2.467168784353296e-5
545 2.470695143063232e-5
546 2.4742229971000147e-5
547 2.477752354369288e-5
548 2.4812832227666493e-5
549 2.4848156101777785e-5
550 2.4883495244785843e-5
551 2.4918849735353374e-5
552 2.4952965860174966e-5
553 2.4987092797776458e-5
554 2.5021230617818214e-5
555 2.505537938983811e-5
556 2.508953918325288e-5
557 2.512371006735939e-5
558 2.5157892111335884e-5
559 2.5192085384243274e-5
560 2.5226289955026388e-5
561 2.5260505892515232e-5
562 2.5294733265426208e-5
563 2.532897214236335e-5
564 2.5363222591819523e-5
565 2.53974846821777e-5
566 2.5431758481712083e-5
567 2.546604405858938e-5
568 2.5500341480869928e-5
569 2.5534650816508897e-5
570 2.5568972133357452e-5
571 2.56032652102561e-5
572 2.563757029643027e-5
573 2.5671887459371638e-5
574 2.5706216766472052e-5
575 2.574055828502471e-5
576 2.5774912082225234e-5
577 2.5809278225172833e-5
578 2.5843656780871374e-5
579 2.5878047816230537e-5
580 2.5912451398066856e-5
581 2.5946867593104833e-5
582 2.5981296467978057e-5
583 2.601573808923019e-5
584 2.605019252331614e-5
585 2.608465983660303e-5
586 2.611914009537132e-5
587 2.615363336581582e-5
588 2.618813971404674e-5
589 2.6222659206090716e-5
590 2.6255849652912417e-5
591 2.628904874366549e-5
592 2.632225653639721e-5
593 2.635547308904925e-5
594 2.6388698459458604e-5
595 2.6421932705358626e-5
596 2.6455175884379926e-5
597 2.6488428054051336e-5
598 2.6521689271800852e-5
599 2.655495959495659e-5
600 2.6588239080747706e-5
601 2.6621527786305292e-5
602 2.6654825768663324e-5
603 2.668813308475959e-5
604 2.672144979143656e-5
605 2.6754775945442274e-5
606 2.678811160343129e-5
607 2.6821456821965553e-5
608 2.6854811657515233e-5
609 2.688817616645966e-5
610 2.692155040508818e-5
611 2.6954934429600974e-5
612 2.698832829610999e-5
613 2.702173206063975e-5
614 2.7055145779128207e-5
615 2.7088569507427588e-5
616 2.712200330130525e-5
617 2.715544721644448e-5
618 2.7188901308445343e-5
619 2.722236563282551e-5
620 2.725584024502106e-5
621 2.72893252003873e-5
622 2.7322820554199553e-5
623 2.735632636165399e-5
624 2.73898426778684e-5
625 2.7423369557882985e-5
626 2.745690705666118e-5
627 2.7490455229090378e-5
628 2.752258497924129e-5
629 2.7554720985921658e-5
630 2.758686329716655e-5
631 2.7619011960917135e-5
632 2.7651167025021353e-5
633 2.7683328537234722e-5
634 2.7715496545221022e-5
635 2.7747671096552994e-5
636 2.777985223871311e-5
637 2.7812040019094298e-5
638 2.784423448500058e-5
639 2.7876435683647836e-5
640 2.7908643662164496e-5
641 2.7940858467592244e-5
642 2.7973080146886677e-5
643 2.8005308746918003e-5
644 2.8037544314471743e-5
645 2.806978689624941e-5
646 2.8102036538869152e-5
647 2.813444038935999e-5
648 2.8166851840446696e-5
649 2.819927093911239e-5
650 2.823169773226128e-5
651 2.826413226671951e-5
652 2.8296574589235646e-5
653 2.832902474648144e-5
654 2.83614827850524e-5
655 2.8393948751468455e-5
656 2.8426422692174606e-5
657 2.8458904653541532e-5
658 2.8491394681866222e-5
659 2.8523892823372587e-5
660 2.8556399124212117e-5
661 2.858891363046447e-5
662 2.862143638813808e-5
663 2.865396744317074e-5
664 2.8686506841430302e-5
665 2.8719054628715164e-5
666 2.8751005279583743e-5
667 2.8782962611186992e-5
668 2.881492666667349e-5
669 2.884689748911748e-5
670 2.887887512151944e-5
671 2.891085960680668e-5
672 2.8942850987833913e-5
673 2.8974849307383767e-5
674 2.9006854608167406e-5
675 2.903886693282511e-5
676 2.907088632392673e-5
677 2.910291282397235e-5
678 2.9134946475392787e-5
679 2.9166987320550107e-5
680 2.919903540173824e-5
681 2.9231090761183476e-5
682 2.926315344104498e-5
683 2.9295223483415405e-5
684 2.9327300930321324e-5
685 2.9358607662887557e-5
686 2.938991967042559e-5
687 2.9421236991984104e-5
688 2.945255966653974e-5
689 2.948388773299762e-5
690 2.951522123019181e-5
691 2.9546560196885907e-5
692 2.957790467177346e-5
693 2.9609254693478487e-5
694 2.9640610300555997e-5
695 2.967197153149249e-5
696 2.9703338424706377e-5
697 2.9734711018548556e-5
698 2.9766089351302798e-5
699 2.9797473461186333e-5
700 2.9828863386350217e-5
701 2.9860259164879907e-5
702 2.989166083479567e-5
703 2.9923068434053073e-5
704 2.995400265469261e-5
705 2.998494157268429e-5
706 3.0015885224266647e-5
707 3.004683364561097e-5
708 3.007778687282185e-5
709 3.010874494193758e-5
710 3.013970788893058e-5
711 3.017067574970792e-5
712 3.0201648560111667e-5
713 3.0232626355919436e-5
714 3.0263609172844687e-5
715 3.0294597046537303e-5
716 3.0325590012583924e-5
717 3.0356588106508427e-5
718 3.0387591363772345e-5
719 3.041859981977524e-5
720 3.0449613509855226e-5
721 3.048063246928928e-5
722 3.051165673329374e-5
723 3.054219464620667e-5
724 3.057273663881013e-5
725 3.060328274471124e-5
726 3.063383299745407e-5
727 3.0664387430520164e-5
728 3.0694946077328805e-5
729 3.072550897123755e-5
730 3.075607614554252e-5
731 3.078664763347887e-5
732 3.0817223468221134e-5
733 3.0847803682883615e-5
734 3.0878388310520814e-5
735 3.090897738412777e-5
736 3.0939570936640504e-5
737 3.097016900093629e-5
738 3.100077160983419e-5
739 3.10313787960953e-5
740 3.1061990592423166e-5
741 3.109260703146418e-5
742 3.112306017544716e-5
743 3.115351759684855e-5
744 3.118397932768511e-5
745 3.121444539991669e-5
746 3.124491584544655e-5
747 3.1275390696121676e-5
748 3.130586998373325e-5
749 3.133635374001691e-5
750 3.136684199665312e-5
751 3.1397334785267594e-5
752 3.142783213743153e-5
753 3.1458334084662044e-5
754 3.14888406584225e-5
755 3.1519351890122815e-5
756 3.154986781111985e-5
757 3.158038845271775e-5
758 3.161091384616823e-5
759 3.164144402267096e-5
760 3.16719790133739e-5
761 3.1701730973458975e-5
762 3.1731485916092314e-5
763 3.176124387050424e-5
764 3.179100486586971e-5
765 3.1820768931308597e-5
766 3.185053609588606e-5
767 3.188030638861283e-5
768 3.1910079838445524e-5
769 3.1939856474287034e-5
770 3.1969636324986747e-5
771 3.199941941934091e-5
772 3.202920578609297e-5
773 3.205899545393379e-5
774 3.208878845150211e-5
775 3.211858480738468e-5
776 3.214838455011674e-5
777 3.2178187708182123e-5
778 3.2207994310013805e-5
779 3.223780438399397e-5
780 3.226726584948623e-5
781 3.229673000450805e-5
782 3.2326196876501404e-5
783 3.235566649285671e-5
784 3.2385138880913086e-5
785 3.2414614067958685e-5
786 3.244409208123091e-5
787 3.247357294791679e-5
788 3.250305669515322e-5
789 3.253254335002724e-5
790 3.256203293957635e-5
791 3.259152549078875e-5
792 3.262102103060368e-5
793 3.265051958591162e-5
794 3.268002118355466e-5
795 3.2709525850326676e-5
796 3.273903361297366e-5
797 3.276854449819405e-5
798 3.279805853263888e-5
799 3.2827215698649123e-5
800 3.285637523368887e-5
801 3.288553716351777e-5
802 3.291470151384723e-5
803 3.294386831034072e-5
804 3.297303757861403e-5
805 3.300220934423555e-5
806 3.303138363272648e-5
807 3.306056046956113e-5
808 3.308973988016716e-5
809 3.311892188992585e-5
810 3.3148106524172345e-5
811 3.317729380819592e-5
812 3.3206483767240175e-5
813 3.3235676426503415e-5
814 3.3264871811138735e-5
815 3.329406994625438e-5
816 3.332327085691397e-5
817 3.335247456813673e-5
818 3.3381497144260984e-5
819 3.34105221555464e-5
820 3.343954962651689e-5
821 3.346857958165209e-5
822 3.3497612045387544e-5
823 3.352664704211488e-5
824 3.355568459618216e-5
825 3.358472473189402e-5
826 3.3613767473511966e-5
827 3.3642812845254566e-5
828 3.367186087129769e-5
829 3.3700911575774784e-5
830 3.372996498277703e-5
831 3.375902111635364e-5
832 3.3788080000511995e-5
833 3.3817141659218e-5
834 3.3846206116396155e-5
835 3.3875273395929936e-5
836 3.390434352166191e-5
837 3.393285280816558e-5
838 3.3961363753659066e-5
839 3.3989876380835695e-5
840 3.401839071234627e-5
841 3.4046906770799186e-5
842 3.407542457876078e-5
843 3.4103944158755446e-5
844 3.41324655332659e-5
845 3.4160988724733344e-5
846 3.4189513755557764e-5
847 3.4218040648098037e-5
848 3.4246569424672186e-5
849 3.427510010755763e-5
850 3.430363271899132e-5
851 3.433216728117e-5
852 3.4360703816250346e-5
853 3.438924234634925e-5
854 3.4417782893544e-5
855 3.444632547987239e-5
856 3.4474678359501664e-5
857 3.450303291493889e-5
858 3.453138916778415e-5
859 3.4559747139598066e-5
860 3.458810685190209e-5
861 3.461646832617867e-5
862 3.46448315838714e-5
863 3.4673196646385256e-5
864 3.47015635350868e-5
865 3.472993227130434e-5
866 3.475830287632814e-5
867 3.478667537141059e-5
868 3.4815049777766454e-5
869 3.484342611657294e-5
870 3.487180440897006e-5
871 3.4900184676060605e-5
872 3.4928566938910526e-5
873 3.4956951218549025e-5
874 3.498533753596872e-5
875 3.501333464922304e-5
876 3.5041333032564774e-5
877 3.50693327062645e-5
878 3.5097333690555506e-5
879 3.51253360056339e-5
880 3.515333967165888e-5
881 3.5181344708752835e-5
882 3.5209351137001604e-5
883 3.523735897645452e-5
884 3.526536824712476e-5
885 3.529337896898937e-5
886 3.532139116198954e-5
887 3.534940484603067e-5
888 3.5377420040982665e-5
889 3.540543676668003e-5
890 3.543345504292202e-5
891 3.546147488947289e-5
892 3.548949632606201e-5
893 3.551751937238398e-5
894 3.5545344599420375e-5
895 3.557317107358049e-5
896 3.560099881416382e-5
897 3.562882784043504e-5
898 3.5656658171624324e-5
899 3.568448982692734e-5
900 3.5712322825505585e-5
901 3.574015718648639e-5
902 3.576799292896321e-5
903 3.579583007199571e-5
904 3.582366863460992e-5
905 3.585150863579842e-5
906 3.587935009452051e-5
907 3.5907193029702344e-5
908 3.5935037460237075e-5
909 3.596288340498502e-5
910 3.5990730882773824e-5
911 3.601857991239863e-5
912 3.6046430512622174e-5
913 3.607407944273191e-5
914 3.610172957986111e-5
915 3.612938094239112e-5
916 3.615703354867086e-5
917 3.6184687417016984e-5
918 3.6212342565713994e-5
919 3.623999901301443e-5
920 3.6267656777138944e-5
921 3.629531587627656e-5
922 3.632297632858473e-5
923 3.63506381521895e-5
924 3.6378301365185665e-5
925 3.640596598563691e-5
926 3.6433632031575935e-5
927 3.646129952100468e-5
928 3.648896847189434e-5
929 3.651663890218555e-5
930 3.654431082978862e-5
931 3.657198427258352e-5
932 3.659924512909103e-5
933 3.6626506741302204e-5
934 3.6653769126467806e-5
935 3.668103230180761e-5
936 3.6708296284510606e-5
937 3.673556109173508e-5
938 3.67628267406088e-5
939 3.6790093248229076e-5
940 3.681736063166303e-5
941 3.6844628907947565e-5
942 3.6871898094089595e-5
943 3.6899168207066216e-5
944 3.69264392638247e-5
945 3.695371128128275e-5
946 3.6980984276328616e-5
947 3.700825826582114e-5
948 3.703553326659e-5
949 3.706280929543573e-5
950 3.7090086369129946e-5
951 3.7116117432338717e-5
952 3.7142147352498555e-5
953 3.716817614512576e-5
954 3.719420382570508e-5
955 3.722023040968994e-5
956 3.724625591250246e-5
957 3.7272280349533706e-5
958 3.729830373614368e-5
959 3.7324326087661604e-5
960 3.735034741938587e-5
961 3.737636774658428e-5
962 3.740238708449419e-5
963 3.7428405448322514e-5
964 3.7454422853245926e-5
965 3.748043931441105e-5
966 3.75064548469344e-5
967 3.753246946590267e-5
968 3.755848318637275e-5
969 3.758449602337193e-5
970 3.7610507991897924e-5
971 3.7636519106919075e-5
972 3.766252938337444e-5
973 3.768853883617386e-5
974 3.7714547480198165e-5
975 3.774055533029922e-5
976 3.77665624013001e-5
977 3.779256870799514e-5
978 3.78185742651501e-5
979 3.784457908750226e-5
980 3.7870583189760516e-5
981 3.789658658660556e-5
982 3.7922589292689895e-5
983 3.794859132263802e-5
984 3.797459269104654e-5
985 3.800059341248424e-5
986 3.802659350149221e-5
987 3.805259297258394e-5
988 3.8078591840245496e-5
989 3.810459011893556e-5
990 3.813058782308553e-5
991 3.81565849670997e-5
992 3.8182581565355336e-5
993 3.820857763220271e-5
994 3.8234573181965345e-5
995 3.826056822894e-5
996 3.828656278739683e-5
997 3.831255687157951e-5
998 3.833855049570528e-5
999 3.836454367396512e-5
1000 3.8390536420523794e-5
