100 7.580886996453901e-6
101 7.658800824020197e-6
102 7.736859255138238e-6
103 7.81438739010634e-6
104 7.892526155074466e-6
105 7.971287676585631e-6
106 8.05068426877026e-6
107 8.130728440351482e-6
108 8.206774720558448e-6
109 8.280816434584127e-6
110 8.355335011682528e-6
111 8.430339169079805e-6
112 8.505837724874078e-6
113 8.581839601976358e-6
114 8.656444998351502e-6
115 8.731521184526716e-6
116 8.807076407414731e-6
117 8.883119008955071e-6
118 8.95965742958602e-6
119 9.035614517302254e-6
120 9.11001540230249e-6
121 9.184858482074529e-6
122 9.260151104760299e-6
123 9.335900697651687e-6
124 9.412114769962066e-6
125 9.486465333978798e-6
126 9.56022703344595e-6
127 9.634395386043252e-6
128 9.708976806102702e-6
129 9.783977770690435e-6
130 9.859287052521169e-6
131 9.932763422792231e-6
132 1.0006625238263817e-5
133 1.0080878339267077e-5
134 1.0155528619958474e-5
135 1.0230582030115781e-5
136 1.0305038200989862e-5
137 1.0378361909679433e-5
138 1.0452051820408286e-5
139 1.0526113235611125e-5
140 1.0600551504028376e-5
141 1.067537202219214e-5
142 1.0747623810113358e-5
143 1.0819212630152522e-5
144 1.0891118297455171e-5
145 1.0963345180362653e-5
146 1.1035897678483956e-5
147 1.1108639640992465e-5
148 1.1180435936653498e-5
149 1.1252543826262248e-5
150 1.132496746138993e-5
151 1.1397711023182314e-5
152 1.1470778723314578e-5
153 1.1542835720249125e-5
154 1.161354881014542e-5
155 1.1684543226129815e-5
156 1.1755822567542378e-5
157 1.1827390455975878e-5
158 1.1899250536020897e-5
159 1.1968895579255327e-5
160 1.2038163317525652e-5
161 1.2107679107124765e-5
162 1.2177446010164918e-5
163 1.2247467104272626e-5
164 1.2317500064113896e-5
165 1.2386387148568459e-5
166 1.2455510467109265e-5
167 1.2524872849797664e-5
168 1.2594477140141042e-5
169 1.2664326195586228e-5
170 1.2733609262509843e-5
171 1.2802309420896717e-5
172 1.2871236347342297e-5
173 1.2940392657428458e-5
174 1.3009780978594568e-5
175 1.3079403950560963e-5
176 1.3147734812634027e-5
177 1.3216010198424552e-5
178 1.3284500332908597e-5
179 1.3353207611343423e-5
180 1.3422134439080717e-5
181 1.3490536139055469e-5
182 1.3556141433822741e-5
183 1.3621919129024512e-5
184 1.3687871140998799e-5
185 1.3753999390758546e-5
186 1.382030580425621e-5
187 1.3887863103327755e-5
188 1.3956499839777261e-5
189 1.4025348263644969e-5
190 1.4094410589890879e-5
191 1.4163689043232158e-5
192 1.4233185858442793e-5
193 1.4299245560949353e-5
194 1.4365068488696765e-5
195 1.4431060009738357e-5
196 1.4497221867083027e-5
197 1.456355580837527e-5
198 1.4629538748308825e-5
199 1.4694105881085999e-5
200 1.4758823178963221e-5
201 1.4823692179604463e-5
202 1.4888714423601951e-5
203 1.4953891454653503e-5
204 1.5017917179852563e-5
205 1.5081207715323813e-5
206 1.5144630865082538e-5
207 1.5208187975545056e-5
208 1.5271880394705143e-5
209 1.533570947228045e-5
210 1.539967655985755e-5
211 1.546378301103574e-5
212 1.5528030181569705e-5
213 1.5592419429510948e-5
214 1.565695211534823e-5
215 1.5720931870887525e-5
216 1.578341233859421e-5
217 1.5846013398448607e-5
218 1.5908736223424036e-5
219 1.5971581987498145e-5
220 1.6034551865768018e-5
221 1.6097647034564303e-5
222 1.616086867156423e-5
223 1.6224217955903745e-5
224 1.6287696068288656e-5
225 1.6351304191104942e-5
226 1.6415043508528148e-5
227 1.647521564181744e-5
228 1.6535481847194066e-5
229 1.6595843052400703e-5
230 1.6656300184808486e-5
231 1.671685417150127e-5
232 1.677750593935912e-5
233 1.6838256415140636e-5
234 1.6899106525564616e-5
235 1.6960057197390626e-5
236 1.702110935749888e-5
237 1.70822639329692e-5
238 1.714260228936737e-5
239 1.7202639729314836e-5
240 1.7262769251446415e-5
241 1.7322991705367353e-5
242 1.738330794054113e-5
243 1.744371880635873e-5
244 1.7504225152207324e-5
245 1.756482782753806e-5
246 1.7625527681933337e-5
247 1.768632556517333e-5
248 1.7747222327301915e-5
249 1.7807110394584357e-5
250 1.786541824389263e-5
251 1.7923801463283057e-5
252 1.7982260758830484e-5
253 1.804079683593193e-5
254 1.8099410399360716e-5
255 1.8158102153319876e-5
256 1.8216872801494998e-5
257 1.8275723047106492e-5
258 1.8334653592961245e-5
259 1.8393665141503722e-5
260 1.8452612835090284e-5
261 1.8510325859797984e-5
262 1.8568109151578766e-5
263 1.8625963346273045e-5
264 1.8683889079071877e-5
265 1.8741886984561814e-5
266 1.879995769676931e-5
267 1.8858101849204615e-5
268 1.8916320074905128e-5
269 1.897461300647838e-5
270 1.903298127614449e-5
271 1.9091425515778172e-5
272 1.9148720554448716e-5
273 1.9205774833329608e-5
274 1.926289409388887e-5
275 1.9320078904647865e-5
276 1.9377329833502857e-5
277 1.9434647447761928e-5
278 1.9492032314181437e-5
279 1.954948499900217e-5
280 1.9607006067985016e-5
281 1.9664596086446282e-5
282 1.9722255619292692e-5
283 1.977834803279665e-5
284 1.9832854867020453e-5
285 1.98874074526155e-5
286 1.994200624436016e-5
287 1.999665169599687e-5
288 2.0051344260261504e-5
289 2.010608438891215e-5
290 2.0160872532757678e-5
291 2.0215709141685937e-5
292 2.027059466469159e-5
293 2.0325529549903594e-5
294 2.0380514244612403e-5
295 2.04355491952968e-5
296 2.049063484765049e-5
297 2.0545771646608238e-5
298 2.0600960036371895e-5
299 2.065620046043599e-5
300 2.0711493361613094e-5
301 2.076683918205886e-5
302 2.0822238363296865e-5
303 2.087769134624306e-5
304 2.0933198571230108e-5
305 2.0988760478031282e-5
306 2.104280830508931e-5
307 2.1096725542549674e-5
308 2.1150686317220312e-5
309 2.1204691018611132e-5
310 2.1258740035466984e-5
311 2.1312833755788878e-5
312 2.1366972566855008e-5
313 2.142115685524154e-5
314 2.147538700684312e-5
315 2.1529663406893212e-5
316 2.1583986439984177e-5
317 2.1637269990857538e-5
318 2.1689866890108036e-5
319 2.174249938665376e-5
320 2.179516781990655e-5
321 2.1847872528462394e-5
322 2.1900613850119397e-5
323 2.195339212189548e-5
324 2.200620768004585e-5
325 2.2059060860080373e-5
326 2.2111951996780614e-5
327 2.2164881424216787e-5
328 2.2217286509232982e-5
329 2.22684092820596e-5
330 2.231955949935826e-5
331 2.237073745537622e-5
332 2.242194344350585e-5
333 2.2473177756299788e-5
334 2.252444068548608e-5
335 2.2575732521982972e-5
336 2.2627053555913677e-5
337 2.2678404076620836e-5
338 2.272978437268092e-5
339 2.278119473191842e-5
340 2.283257503016421e-5
341 2.288398569458993e-5
342 2.2935427010615086e-5
343 2.2986899262959385e-5
344 2.303840273565613e-5
345 2.3089937712065517e-5
346 2.3141504474887724e-5
347 2.3193103306175923e-5
348 2.3244734487349135e-5
349 2.3296398299204862e-5
350 2.334809502193171e-5
351 2.3398416930801968e-5
352 2.3448158956200704e-5
353 2.349792302640596e-5
354 2.3547709386290564e-5
355 2.3597518279992678e-5
356 2.3647349950927146e-5
357 2.3697204641796774e-5
358 2.3747082594603426e-5
359 2.3796984050659064e-5
360 2.3846909250596566e-5
361 2.389685843438052e-5
362 2.3946831841317847e-5
363 2.3996829710068346e-5
364 2.404685227865505e-5
365 2.409689978447456e-5
366 2.4146972464307217e-5
367 2.419707055432713e-5
368 2.424719429011225e-5
369 2.4297343906654075e-5
370 2.43475196383675e-5
371 2.439772171910048e-5
372 2.4447950382143502e-5
373 2.4497992042164832e-5
374 2.4546130118509048e-5
375 2.4594284057292616e-5
376 2.4642454061488165e-5
377 2.4690640333407462e-5
378 2.4738843074710117e-5
379 2.478706248641219e-5
380 2.483529876889479e-5
381 2.488355212191247e-5
382 2.4931822744601654e-5
383 2.4980110835488856e-5
384 2.5028416592498882e-5
385 2.507691660135064e-5
386 2.512547978095857e-5
387 2.5174062345421004e-5
388 2.522266449294234e-5
389 2.5271286421178268e-5
390 2.53199283272435e-5
391 2.5368590407719284e-5
392 2.5417272858661068e-5
393 2.5465975875605847e-5
394 2.5514699653579586e-5
395 2.556344438710455e-5
396 2.5611756776958363e-5
397 2.5659633616184713e-5
398 2.570752744894807e-5
399 2.5755438457413538e-5
400 2.5803366823225922e-5
401 2.5851312727516477e-5
402 2.5899276350909672e-5
403 2.594725787352986e-5
404 2.5995257475007838e-5
405 2.6043275334487446e-5
406 2.6091311630631935e-5
407 2.6139133610309087e-5
408 2.618603931292837e-5
409 2.6232958402826087e-5
410 2.6279891044973368e-5
411 2.6326837403834502e-5
412 2.637379764337293e-5
413 2.642077192705726e-5
414 2.6467760417867114e-5
415 2.6514763278299035e-5
416 2.6561780670372245e-5
417 2.6608812755634367e-5
418 2.6655859695167158e-5
419 2.6702274903569285e-5
420 2.6748630294976265e-5
421 2.6794997718702606e-5
422 2.684137732751348e-5
423 2.688776927370478e-5
424 2.6934173709108434e-5
425 2.698059078509769e-5
426 2.7027020652592318e-5
427 2.70734634620638e-5
428 2.7119919363540415e-5
429 2.716638850661236e-5
430 2.7212429076541576e-5
431 2.725818593282167e-5
432 2.7303953208466202e-5
433 2.7349731045273113e-5
434 2.73955195845985e-5
435 2.7441318967361404e-5
436 2.7487129334048506e-5
437 2.7532950824718873e-5
438 2.757878357900847e-5
439 2.7624627736134857e-5
440 2.7670483434901636e-5
441 2.771627537111133e-5
442 2.7761902387988203e-5
443 2.780754027491666e-5
444 2.7853189167131574e-5
445 2.7898849199467042e-5
446 2.794452050636073e-5
447 2.7990203221858014e-5
448 2.803589747961631e-5
449 2.8081603412909145e-5
450 2.812732115463028e-5
451 2.817305083729786e-5
452 2.8218792593058405e-5
453 2.8263365276841042e-5
454 2.8307945523575405e-5
455 2.835253345682259e-5
456 2.8397129199752377e-5
457 2.844173287514717e-5
458 2.848634460540575e-5
459 2.853096451254713e-5
460 2.857559271821426e-5
461 2.8620229343677774e-5
462 2.8664874509839664e-5
463 2.870952833723695e-5
464 2.875382162412858e-5
465 2.8797963733981828e-5
466 2.8842112746869108e-5
467 2.8886268778538218e-5
468 2.8930431944374914e-5
469 2.89746023594064e-5
470 2.9018780138304718e-5
471 2.906296539539019e-5
472 2.9107158244634696e-5
473 2.9151358799665105e-5
474 2.9195567173766497e-5
475 2.923956780988749e-5
476 2.9283251516221327e-5
477 2.932694127774686e-5
478 2.9370637203219875e-5
479 2.9414339401056667e-5
480 2.9458047979337122e-5
481 2.950176304580788e-5
482 2.9545484707885366e-5
483 2.9589213072658832e-5
484 2.9632948246893377e-5
485 2.9676690337032962e-5
486 2.9720411916077958e-5
487 2.976389224963101e-5
488 2.9807378769618905e-5
489 2.985087157968585e-5
490 2.9894370783162947e-5
491 2.993787648307095e-5
492 2.998138878212319e-5
493 3.0024907782728212e-5
494 3.006843358699262e-5
495 3.0111966296723854e-5
496 3.015550601343279e-5
497 3.019905283833652e-5
498 3.024193102656513e-5
499 3.0284644762780852e-5
500 3.0327362793566198e-5
501 3.037008521461026e-5
502 3.0412812121303213e-5
503 3.0455543608738907e-5
504 3.0498279771717378e-5
505 3.054102070474738e-5
506 3.0583766502048866e-5
507 3.062651725755544e-5
508 3.0669273064916836e-5
509 3.071189039889818e-5
510 3.075436858308013e-5
511 3.0796851071242446e-5
512 3.083933795455873e-5
513 3.088182932392506e-5
514 3.092432526996232e-5
515 3.096682588301841e-5
516 3.1009331253170666e-5
517 3.1051841470228015e-5
518 3.1094356623733336e-5
519 3.113687680296555e-5
520 3.117928494786674e-5
521 3.1221228476625346e-5
522 3.126317525657482e-5
523 3.130512537335376e-5
524 3.1347078912337185e-5
525 3.138903595863869e-5
526 3.143099659711257e-5
527 3.147296091235595e-5
528 3.1514928988710784e-5
529 3.155690091026596e-5
530 3.15988767608593e-5
531 3.164085662407969e-5
532 3.168257153106146e-5
533 3.1724259760298886e-5
534 3.176595123749925e-5
535 3.180764604403082e-5
536 3.184934426101777e-5
537 3.1891045969342086e-5
538 3.193275124964552e-5
539 3.197446018233152e-5
540 3.2016172847566995e-5
541 3.205788932528431e-5
542 3.209960969518304e-5
543 3.21411513343724e-5
544 3.2182574414659865e-5
545 3.222400061352798e-5
546 3.226543000854995e-5
547 3.2306862677070525e-5
548 3.234829869620781e-5
549 3.238973814285496e-5
550 3.243118109368198e-5
551 3.247262762513739e-5
552 3.251407781345e-5
553 3.255553173463056e-5
554 3.2596803436381374e-5
555 3.263764365500903e-5
556 3.26784858286982e-5
557 3.271933003031197e-5
558 3.276017633249479e-5
559 3.280102480767417e-5
560 3.284187552806221e-5
561 3.288272856565728e-5
562 3.292358399224554e-5
563 3.296444187940253e-5
564 3.3005302298494776e-5
565 3.3046165320681246e-5
566 3.3085161654905214e-5
567 3.312415513651503e-5
568 3.31631458310912e-5
569 3.3202133803991173e-5
570 3.324111912035077e-5
571 3.3280101845085804e-5
572 3.331908204289345e-5
573 3.335805977825384e-5
574 3.339703511543146e-5
575 3.3436008118476665e-5
576 3.347497885122707e-5
577 3.351394737730901e-5
578 3.3552913760139006e-5
579 3.359187806292513e-5
580 3.363084034866841e-5
581 3.366980068016425e-5
582 3.370875912000384e-5
583 3.3747715730575414e-5
584 3.3786670574065735e-5
585 3.3825623712461394e-5
586 3.386457520755016e-5
587 3.3903525120922295e-5
588 3.394247351397187e-5
589 3.3981420447898155e-5
590 3.402036598370678e-5
591 3.4059310182211154e-5
592 3.409825310403366e-5
593 3.413719480960699e-5
594 3.4176135359175365e-5
595 3.4215074812795814e-5
596 3.425401323033939e-5
597 3.429295067149242e-5
598 3.433188719575775e-5
599 3.437082286245589e-5
600 3.440975773072633e-5
601 3.444869185952865e-5
602 3.448762530764372e-5
603 3.452655813367494e-5
604 3.456549039604931e-5
605 3.460442215301871e-5
606 3.464335346266097e-5
607 3.468228438288104e-5
608 3.4721214971412126e-5
609 3.476014528581683e-5
610 3.479907538348827e-5
611 3.483800532165116e-5
612 3.487693515736298e-5
613 3.4915864947515006e-5
614 3.495479474883345e-5
615 3.4993724617880485e-5
616 3.50326546110554e-5
617 3.507158478459554e-5
618 3.511051519457753e-5
619 3.514944589691818e-5
620 3.51883769473756e-5
621 3.522730840155023e-5
622 3.526624031488583e-5
623 3.5305172742670565e-5
624 3.5344105740037954e-5
625 3.538303936196792e-5
626 3.5421973663287764e-5
627 3.546090869867317e-5
628 3.549984452264921e-5
629 3.5538781189591236e-5
630 3.5577718753726006e-5
631 3.561665726913248e-5
632 3.56555967897429e-5
633 3.569453736934367e-5
634 3.573347906157635e-5
635 3.577242191993857e-5
636 3.581136599778493e-5
637 3.5850311348328017e-5
638 3.588925802463921e-5
639 3.59282060796497e-5
640 3.596715556615127e-5
641 3.600610653679736e-5
642 3.604505904410379e-5
643 3.6084013140449776e-5
644 3.612296887807876e-5
645 3.6161926309099264e-5
646 3.6200885485485783e-5
647 3.62398464590797e-5
648 3.627880928159002e-5
649 3.6317774004594356e-5
650 3.6356740679539676e-5
651 3.6395709357743226e-5
652 3.6434680090393287e-5
653 3.6473652928550034e-5
654 3.6512627923146387e-5
655 3.655160512498881e-5
656 3.659058458475811e-5
657 3.662956635301024e-5
658 3.666855048017714e-5
659 3.6707537016567526e-5
660 3.6746526012367625e-5
661 3.678551751764201e-5
662 3.6824511582334416e-5
663 3.686350825626842e-5
664 3.69025075891483e-5
665 3.6941509630559735e-5
666 3.698051442997063e-5
667 3.701952203673183e-5
668 3.705853250007784e-5
669 3.709754586912769e-5
670 3.713656219288551e-5
671 3.71755815202414e-5
672 3.721460389997212e-5
673 3.725362938074178e-5
674 3.729265801110262e-5
675 3.7331689839495666e-5
676 3.7370724914251534e-5
677 3.7409763283591016e-5
678 3.744880499562592e-5
679 3.748525855820253e-5
680 3.7521708950964986e-5
681 3.7558156216355934e-5
682 3.7594600396693516e-5
683 3.763104153417216e-5
684 3.766747967086318e-5
685 3.77039148487155e-5
686 3.7740347109556356e-5
687 3.7776776495091965e-5
688 3.781320304690816e-5
689 3.7849626806471096e-5
690 3.788604781512795e-5
691 3.7922466114107497e-5
692 3.795888174452084e-5
693 3.7995294747362034e-5
694 3.803170516350873e-5
695 3.8068113033722826e-5
696 3.810451839865114e-5
697 3.814092129882594e-5
698 3.8177321774665734e-5
699 3.821371986647577e-5
700 3.825011561444873e-5
701 3.828650905866526e-5
702 3.8322900239094747e-5
703 3.8359289195595764e-5
704 3.8395675967916774e-5
705 3.84320605956967e-5
706 3.8468443118465564e-5
707 3.8504823575645015e-5
708 3.8541202006548976e-5
709 3.857757845038425e-5
710 3.8613952946251014e-5
711 3.865032553314354e-5
712 3.86866962499506e-5
713 3.872306513545622e-5
714 3.8759432228340114e-5
715 3.879579756717834e-5
716 3.88321611904438e-5
717 3.886852313650685e-5
718 3.890488344363582e-5
719 3.894124214999756e-5
720 3.8977599293658084e-5
721 3.901395491258296e-5
722 3.905030904463801e-5
723 3.9086661727589714e-5
724 3.912301299910588e-5
725 3.9159362896756044e-5
726 3.919571145801208e-5
727 3.923205872024875e-5
728 3.926840472074414e-5
729 3.930474949668026e-5
730 3.934109308514349e-5
731 3.9377435523125186e-5
732 3.94137768475221e-5
733 3.945011709513693e-5
734 3.9486456302678836e-5
735 3.9522794506763906e-5
736 3.955913174391569e-5
737 3.9595468050565654e-5
738 3.963180346305375e-5
739 3.966813801762882e-5
740 3.9704471750449094e-5
741 3.974080469758271e-5
742 3.9777136895008244e-5
743 3.9813468378615006e-5
744 3.984979918420373e-5
745 3.9886129347486915e-5
746 3.992245890408934e-5
747 3.995878788954848e-5
748 3.999511633931508e-5
749 4.0031444288753475e-5
750 4.006777177314217e-5
751 4.010409882767423e-5
752 4.01404254874577e-5
753 4.017675178751619e-5
754 4.021307776278916e-5
755 4.024940344813249e-5
756 4.028572887831883e-5
757 4.032205408803812e-5
758 4.035837911189797e-5
759 4.0394703984424107e-5
760 4.0431028740060834e-5
761 4.046735341317141e-5
762 4.050367803803856e-5
763 4.054000264886478e-5
764 4.0576327279772875e-5
765 4.061265196480631e-5
766 4.0648976737929626e-5
767 4.068530163302891e-5
768 4.072162668391216e-5
769 4.0757951924309705e-5
770 4.079427738787461e-5
771 4.08306031081831e-5
772 4.086692911873493e-5
773 4.090325545295383e-5
774 4.093958214418786e-5
775 4.0975909225709825e-5
776 4.1012236730717684e-5
777 4.1048564692334916e-5
778 4.1084893143610904e-5
779 4.112122211752138e-5
780 4.1157551646968705e-5
781 4.1193881764782396e-5
782 4.123021250371936e-5
783 4.126654389646436e-5
784 4.130287597563036e-5
785 4.1339208773758953e-5
786 4.137554232332062e-5
787 4.141187665671521e-5
788 4.144821180627229e-5
789 4.148454780425142e-5
790 4.152088468284264e-5
791 4.155722247416678e-5
792 4.1591578479321765e-5
793 4.162593123572327e-5
794 4.166028077271139e-5
795 4.169462711955044e-5
796 4.1728970305429114e-5
797 4.176331035946119e-5
798 4.179764731068552e-5
799 4.183198118806664e-5
800 4.186631202049497e-5
801 4.190063983678726e-5
802 4.193496466568691e-5
803 4.19692865358643e-5
804 4.20036054759171e-5
805 4.203792151437075e-5
806 4.207223467967863e-5
807 4.2106545000222496e-5
808 4.214085250431282e-5
809 4.2175157220189045e-5
810 4.220945917602007e-5
811 4.224375839990439e-5
812 4.227805491987056e-5
813 4.231234876387752e-5
814 4.234663995981483e-5
815 4.238092853550307e-5
816 4.241521451869413e-5
817 4.244949793707159e-5
818 4.2483778818250925e-5
819 4.2518057189779925e-5
820 4.2552333079138986e-5
821 4.258660651374135e-5
822 4.262087752093356e-5
823 4.265514612799561e-5
824 4.26894123621414e-5
825 4.2723676250518925e-5
826 4.275793782021063e-5
827 4.279219709823374e-5
828 4.2826454111540505e-5
829 4.286070888701855e-5
830 4.289496145149116e-5
831 4.292921183171752e-5
832 4.2963460054393115e-5
833 4.299770614614996e-5
834 4.303195013355685e-5
835 4.306619204311976e-5
836 4.310043190128206e-5
837 4.313466973442479e-5
838 4.3168905568867015e-5
839 4.320313943086603e-5
840 4.32373713466177e-5
841 4.327160134225673e-5
842 4.330582944385691e-5
843 4.3340055677431424e-5
844 4.337428006893316e-5
845 4.340850264425493e-5
846 4.3442723429229724e-5
847 4.347694244963106e-5
848 4.351115973117323e-5
849 4.354537529951153e-5
850 4.3579589180242514e-5
851 4.361380139890438e-5
852 4.364801198097715e-5
853 4.368222095188287e-5
854 4.3716428336985983e-5
855 4.375063416159356e-5
856 4.378483845095556e-5
857 4.381904123026502e-5
858 4.3853242524658446e-5
859 4.388744235921596e-5
860 4.3921640758961544e-5
861 4.395583774886344e-5
862 4.399003335383419e-5
863 4.402422759873108e-5
864 4.405842050835624e-5
865 4.4092612107457024e-5
866 4.4126802420726115e-5
867 4.4160991472801914e-5
868 4.419517928826868e-5
869 4.4229365891656816e-5
870 4.426355130744307e-5
871 4.429773556005089e-5
872 4.433191867385049e-5
873 4.436610067315927e-5
874 4.440028158224188e-5
875 4.443446142531059e-5
876 4.446864022652542e-5
877 4.4502818009994514e-5
878 4.45369947997742e-5
879 4.457117061986935e-5
880 4.460534549423357e-5
881 4.4639519446769355e-5
882 4.467369250132848e-5
883 4.470786468171206e-5
884 4.4742036011670886e-5
885 4.477620651490555e-5
886 4.4810376215066824e-5
887 4.4844545135755695e-5
888 4.487871330052372e-5
889 4.4912880732873174e-5
890 4.4947047456257316e-5
891 4.498121349408058e-5
892 4.501537886969877e-5
893 4.504954360641935e-5
894 4.5083707727501564e-5
895 4.511787125615672e-5
896 4.515203421554835e-5
897 4.518619662879246e-5
898 4.5220358518957764e-5
899 4.525451990906577e-5
900 4.5288680822091165e-5
901 4.532284128096185e-5
902 4.535700130855929e-5
903 4.539116092771862e-5
904 4.542532016122887e-5
905 4.5458065249033536e-5
906 4.5490807405487276e-5
907 4.552354665198999e-5
908 4.555628300989264e-5
909 4.558901650049751e-5
910 4.5621747145058315e-5
911 4.5654474964780505e-5
912 4.568719998082132e-5
913 4.571992221429015e-5
914 4.575264168624864e-5
915 4.578535841771089e-5
916 4.581807242964369e-5
917 4.585078374296669e-5
918 4.5883492378552556e-5
919 4.5916198357227256e-5
920 4.59489016997702e-5
921 4.598160242691436e-5
922 4.601430055934658e-5
923 4.604699611770774e-5
924 4.607968912259289e-5
925 4.611237959455143e-5
926 4.61450675540874e-5
927 4.6177753021659576e-5
928 4.6210436017681656e-5
929 4.624311656252246e-5
930 4.62757946765062e-5
931 4.63084703799125e-5
932 4.6341143692976635e-5
933 4.637381463588984e-5
934 4.640648322879927e-5
935 4.643914949180836e-5
936 4.6471813444976914e-5
937 4.650447510832134e-5
938 4.65371345018147e-5
939 4.656979164538706e-5
940 4.660244655892555e-5
941 4.663509926227455e-5
942 4.666774977523589e-5
943 4.6700398117569e-5
944 4.673304430899113e-5
945 4.676568836917742e-5
946 4.679833031776116e-5
947 4.683097017433396e-5
948 4.686360795844583e-5
949 4.6896243689605434e-5
950 4.692887738728024e-5
951 4.6961509070896657e-5
952 4.699413875984019e-5
953 4.702676647345567e-5
954 4.7059392231047335e-5
955 4.709201605187908e-5
956 4.7124637955174505e-5
957 4.715725796011723e-5
958 4.718987608585087e-5
959 4.722249235147935e-5
960 4.725510677606703e-5
961 4.728771937863874e-5
962 4.7320330178180154e-5
963 4.7352939193637734e-5
964 4.738554644391902e-5
965 4.7418151947892744e-5
966 4.7450755724388967e-5
967 4.748335779219926e-5
968 4.751595817007684e-5
969 4.754855687673674e-5
970 4.758115393085596e-5
971 4.761374935107354e-5
972 4.764634315599086e-5
973 4.767893536417167e-5
974 4.7711525994142235e-5
975 4.77441150643916e-5
976 4.77767025933716e-5
977 4.780928859949709e-5
978 4.784187310114603e-5
979 4.787445611665975e-5
980 4.790703766434292e-5
981 4.793961776246383e-5
982 4.7972196429254495e-5
983 4.800477368291074e-5
984 4.803734954159246e-5
985 4.806992402342365e-5
986 4.810249714649263e-5
987 4.813506892885208e-5
988 4.816763938851929e-5
989 4.820020854347626e-5
990 4.823277641166983e-5
991 4.8265343011011745e-5
992 4.829790835937898e-5
993 4.8330472474613686e-5
994 4.836303537452341e-5
995 4.8395597076881264e-5
996 4.842815759942594e-5
997 4.846071695986199e-5
998 4.849327517585987e-5
999 4.852583226505608e-5
1000 4.8558388245053306e-5
